-78047
-12086
67848
53512
-41583
8054
42306
-45716
-59803
-25504
67171
86660
4800
13162
-97684
53790
-92922
79427
52577
-26044
-424
-27572
99657
-92747
1918
14274
-69734
60866
-74126
87227
42924
66321
88394
3845
-12500
-69153
-69529
85432
-61353
34086
87046
93990
-67442
-4918
-44964
-17536
94963
81942
54427
46001
53806
99625
6839
-21949
25375
-67480
-83555
-86192
-1817
77771
95431
1821
-34784
-48205
-52747
-59603
-92294
-67242
76800
-82791
41252
-7722
-85060
-85532
31054
-50031
-90671
22831
79800
98795
43819
-78874
-14387
12678
-440
-48453
83536
-53321
70041
-33583
83483
85309
56564
87623
41157
29032
-23916
-39002
36901
-45923
44642
-44263
-10731
74028
23803
-18198
22833
-4670
31504
11152
-2110
-773
-54005
-824
68456
31084
88832
71110
-25491
39130
84491
97869
-20418
-73783
-52465
37391
72715
59684
-42379
-72468
17270
-76999
97099
5694
-88395
27723
69958
95368
-45877
93747
27058
15208
-62007
-32314
-32042
-86092
11335
36201
31848
-57683
71530
-42178
-7298
-8803
-75763
64811
-41557
-84913
65796
80632
-42679
-10859
62129
-42611
98422
828
58857
-75041
51705
-42091
40184
44824
83071
-47076
-19631
848
69012
-7192
1386
40288
36536
14313
52272
-40745
23557
45209
43569
56286
-22333
34481
71318
46978
2346
-92605
11814
-38135
19169
3555
-53761
-24980
-61999
21975
-33043
55749
-10266
29287
-76463
7365
56112
-43987
-17233
80434
-30189
-34332
94430
70079
46343
46929
-59363
-70755
-90705
88141
91626
-92043
52346
-51816
-44221
-62602
-79609
71300
11635
-19553
81363
-13326
-83419
97292
-76579
72891
88094
-12470
86405
-40141
50815
-96092
87514
-58190
83280
-37110
26988
82805
50554
17943
80706
64155
4225
-32537
19442
-20545
-70317
56624
-20367
6544
-82588
-36013
39205
-18995
73952
-1568
87416
4534
57342
51263
59834
62496
-23182
42777
-7265
14041
-61437
42532
-11700
-28761
-8929
-79055
-29427
87541
-12923
1818
-36731
-29125
-97250
-75986
92947
-4709
-13064
-72700
-27087
5842
-78152
5059
-20659
1236
-86833
28950
9378
-9481
-21802
-60214
-86485
92865
77654
-74437
48963
-88838
84821
41049
780
-13804
-2586
-8344
-23891
-91777
10375
86711
-66223
90926
-85864
-31461
-32536
95565
-80914
77183
81366
21216
15731
-6822
85008
42345
-87998
57037
32866
51933
-65688
79410
-13616
77150
96471
-19310
-20321
-77611
16136
68299
73606
-37874
81351
66625
-90373
-29411
33628
-13526
33661
-79693
-60918
48079
-12674
-2441
98100
-83168
24803
-89209
-22227
-51084
-39024
-18660
54299
-30346
72539
9535
-88756
-11367
12701
-57436
-52014
19861
-24090
-84321
96341
-1089
38570
17180
-15555
57016
-17987
-32367
-12811
69037
-51376
42584
-7029
-99774
31452
-11696
-13444
-77383
21397
-89940
-97137
-91219
-24163
95932
-36056
-93007
-30654
62061
32628
4648
73304
-7924
-20806
86724
31029
-27177
-52046
60117
8985
79864
97862
43973
-18820
-60009
-14958
-5177
61495
19932
66497
81563
502
26766
8318
-57888
-64107
-19083
16629
-95687
95138
-50577
-4964
-14300
67307
-26501
95379
44979
99088
-72801
5919
21835
12302
-11542
52763
-72971
75564
-82614
-18661
-37036
10877
43563
-2108
85629
42520
35272
-54312
38768
-86457
-30404
45220
-15326
31975
89531
-15016
-38379
-10144
95751
-23867
-38744
48791
-20763
7614
-30167
-23766
49913
92690
58700
-60120
98383
72694
-8907
4110
-2668
43134
-84257
91046
90361
24625
49524
20115
27895
33828
97603
-57118
83424
3314
20166
65091
65608
60853
-45966
-80511
-17311
-31948
97633
58692
-84430
-85221
45592
39975
95722
-60824
53587
94775
57786
75760
59
-66476
-11849
-8016
84944
-18812
-21118
19466
-86771
-70306
-39896
-96320
-74258
-66299
-14797
-79548
-36500
-1807
35122
61289
85209
-86029
-95377
4371
-4278
-42745
-16862
-67566
58991
50420
-86546
-7111
27803
5390
2780
-6027
59764
34547
21190
-5866
-40400
56107
-85467
12344
25570
-64248
-99490
-18499
-75742
-29745
-77088
25498
-27846
8683
-25299
-5531
33493
63598
47244
95729
-15668
82131
-79692
82958
-65798
-94174
30197
86051
-8521
23312
-20132
-59891
91514
-65080
-67818
-16965
-14600
-36064
79440
-80913
-65242
-40306
-12011
-796
25616
-73018
-34222
-98293
-74054
-38225
-32630
-7232
-19412
-34227
55401
61521
60408
23108
-65199
-85841
-80609
-99998
-78769
-36835
37274
36145
-91926
-31169
12135
-72841
-39886
-84682
-4203
-75225
-68840
-71096
33643
-7393
46612
15864
66125
-36891
-24727
-52090
-90195
92492
-86711
-42136
-33594
-2176
96589
41710
1469
-73569
-86566
-8391
66452
85803
-10441
88355
-77307
89317
3183
-38995
37218
17811
-11437
57952
66515
43450
92179
41564
-96133
75340
45163
-39658
-18217
-62823
-96914
-98754
-24226
-74794
-60541
10434
90397
-40063
-81273
71480
-25050
18531
84900
-73043
-54480
28792
94633
-45130
-7035
-66815
-47703
93535
-47619
-80708
86456
-693
71570
-33235
-48374
-98471
86486
-22155
70468
-408
98534
-96380
14015
87313
94012
-57187
59086
31856
-22578
27553
52186
26623
93106
21997
-33528
-11909
89868
42344
-52464
-23947
49068
-63755
-63381
-11138
-55329
44226
95159
-14884
-28566
-82520
78885
90403
-59558
62203
22658
53989
65456
-9338
85442
-57144
-54836
22554
5188
40571
39748
-74331
54193
40234
-74684
-91891
23435
-49253
-67131
-84431
-55099
54007
-1842
25793
93738
-45766
68367
67266
10460
-72320
11687
70025
-91644
-2038
-81818
65517
-32878
12565
28117
56523
3764
45446
-36703
-75441
-74305
44054
89579
55143
32569
52175
-90906
24613
92393
-49727
27566
11970
37488
31559
-60293
28890
52715
29463
-11520
-36124
-92613
-48196
19942
-70899
75992
-27770
11318
-45733
-40631
68938
52358
-41125
25110
-72899
48105
86091
-77454
-52588
-11580
96658
50933
7435
-22977
-79189
72425
-42806
-55140
56094
62594
44210
11151
56591
24270
-82215
97974
1590
-45431
-75359
60491
51513
-16701
97848
-86936
-18036
-76791
50347
-748
-56830
-70517
18228
-46174
-81086
-79850
35635
-46381
60343
17955
-24367
-2137
26346
2579
-98393
61895
-67858
5660
-63081
-1274
-44308
91672
75502
74627
-13412
60322
26999
-81885
77042
-14847
84053
-39333
86271
16545
-23270
-79428
-37463
3477
68568
89867
73281
10519
9330
46326
-29290
54203
-56510
26102
14396
-62468
-91262
-65818
93360
-93200
-87175
-38652
-67919
-94720
-81316
36390
-1116
-42705
27714
39378
-56899
51112
-56737
-44328
-61422
21259
72127
43257
-63202
-69621
80743
-88548
52317
-86505
-78446
41624
74357
-2115
17915
43579
23308
28540
-65729
97030
30066
66907
-15978
28492
12637
61104
74936
-70814
-14689
-32732
-646
82136
66454
-78853
-73677
64524
11054
-588
75791
17176
-85004
44055
18444
-95900
-18300
-25913
45728
-10103
19148
86208
-33105
-146
-52080
-59826
-85052
77580
-60317
8479
57626
85497
-90433
-15172
71359
-50271
-18858
-58822
72937
91533
94308
-97402
34445
76681
-44378
50341
-50454
88239
-15356
20186
-54947
-88383
81180
96094
-25206
-27746
14141
53030
-17832
-23784
50578
-19965
24986
77963
-95969
68576
-5579
-71977
70456
-59611
50037
-10127
-2042
50186
82802
-75854
-12957
22881
-89274
41264
-45178
69472
43209
-58221
73762
-76512
-44398
-86662
74782
-87467
-21679
-98514
-2011
-57877
-30198
47378
-84182
67274
-95150
2345
66307
26617
-19762
-43684
-77713
-51585
-43303
-9492
-44340
-12317
96003
-22768
-75661
-55828
-39883
94411
83663
95708
23620
5502
8145
-47582
-53058
73420
22704
36499
-60076
62125
55388
92628
48775
16288
77685
-43165
17935
-69973
22283
-32580
391
90168
83438
37178
2130
78091
-44030
-76413
75064
-37472
44291
19452
-50575
99762
-66343
37456
-60264
50049
-12872
57876
-30784
-20523
26015
-23208
-25936
-23271
28059
-59292
-52795
69679
-99151
-99258
1558
-31826
93518
-97821
-45507
-54668
-51464
56194
-63721
-12150
53904
91202
74377
-93336
-11099
9757
6554
40565
53676
81802
-23778
-32948
5444
14645
36421
98589
2664
35164
-86391
-67462
-15402
30723
72075
24874
-73836
-66054
-30305
7252
-2257
-90909
-82061
81206
-42102
-66654
38676
-25459
98132
96584
-74856
56963
25325
45236
35637
-13229
66642
-11964
77103
-92542
-2149
-25384
20887
84797
-61194
13405
-62645
79070
80387
14014
-85591
80351
-77318
-86988
-55002
37690
5598
-43840
98317
-2288
15233
15283
23937
99242
-55435
7098
77610
57044
-31077
-38770
-33174
18311
-79281
-71648
65427
-32523
12289
34889
-20402
-73009
63011
-52226
-6367
21908
-71271
-27689
75180
-6884
-89888
-79226
-90030
1928
58813
-60912
-81232
89271
72953
65780
-48832
-8252
49279
-84113
92532
-23493
48521
28253
89234
-22924
-36515
-27593
31746
-54665
-12866
29432
39007
-62575
-10544
-8928
-74596
-25265
10387
-73179
-15199
92939
46230
55395
-9012
-78350
12988
-8648
90761
-62393
-76147
-48873
-1102
50693
-44633
5076
-22937
-33257
-11247
51782
-71662
-58826
3868
-94678
40217
81523
-8991
-67980
-99899
50041
16354
45200
6644
-21921
-35992
-98990
11755
55899
-55151
-5195
-54245
-19444
-28416
-55338
51335
54599
15602
14094
45414
80489
35932
69132
57917
-22189
51074
-55080
-76418
92163
-57764
-24242
-94748
-90441
-51941
-55508
44312
66493
11564
-20991
-309
13891
47898
-8809
72073
53894
-47660
22634
73332
65915
-53516
-97136
-39648
32736
-10715
15051
92086
-78540
-26635
32153
-10038
52035
-79419
-99049
-39375
44049
-46379
81229
-66556
24492
34103
-33856
-51949
5874
-19211
99903
-17997
-15639
-17676
-17322
76417
-28918
-72877
90027
-46075
59451
32973
-60736
-33243
-18182
-69138
82056
34661
34834
43961
-31142
-41501
-73803
40178
31532
47679
76930
33818
33819
-38128
87403
26750
70705
-76104
-7290
-78825
-19417
67489
46914
44263
60928
-78591
-55057
-67559
-97672
73819
-38013
-9290
87578
-60930
13960
97191
-31877
-83847
-63416
53956
54690
58826
-61303
30853
-89305
-91315
16115
-27690
82879
14100
-72459
-950
28242
-33354
-99640
85566
-79260
45191
-47089
-30197
28749
54643
-5660
32943
77944
-68788
8086
5349
20539
3369
-45741
97788
-50325
-59750
22768
48862
-65886
-41285
99975
-71046
-8553
58829
91636
-27432
92318
-32407
-91277
-20722
89518
-84155
-73582
-22224
-25266
31326
-87014
-68830
-97086
-9593
-10366
-4512
48945
-70738
-67785
-49345
-86783
29713
-4370
21393
-33635
51795
98374
69391
-48902
42715
-47341
22028
-44615
4604
80494
15484
-32602
-68127
47060
43193
-9652
35373
-40696
7340
-81295
17696
14532
31583
-70045
30408
-97883
88659
-77603
8579
59378
90328
-66714
-15364
-30457
15996
8050
-84990
18201
-28190
62162
-5861
-99220
68825
88557
-40972
-41323
56532
-7230
-77018
89206
-38826
3792
-35863
-54943
10230
11519
-30979
12121
95659
4535
-74438
32649
75243
-33864
44865
-60407
-88592
54167
10280
-39492
-86311
-62044
-72463
-40058
-85951
5566
-76347
60742
-38518
-27807
-42139
-32904
-57225
-19529
-27159
25230
-21499
15196
99658
71008
37369
-26189
-25771
-90493
65116
81357
-23044
6538
-12768
55497
-8055
22981
-54738
12445
55765
82672
-71914
4327
21223
46081
-98629
11471
-42639
-61579
42045
12760
48648
-65349
-47836
-34684
69363
28964
47944
-82643
-54924
-44538
-48769
-69379
-31683
81219
98472
-12410
59917
-4891
86474
-88696
-48961
-89672
-475
79169
38505
77876
83531
95836
99597
98154
-24134
-85702
-21047
32892
-45802
-55072
-78229
-47543
16194
-91130
80031
-57618
34280
-28715
19866
89437
-30201
40910
-30653
15728
-23612
22898
53239
-86724
-95876
-913
-4750
29624
74671
-46806
36149
-56601
49608
56838
-58571
93027
38198
97860
98531
-76367
-62232
10574
-99765
-55176
19567
26074
-51325
55696
-87806
2924
-62806
-62222
32040
-30343
-1252
17035
-7050
-15107
-9969
49102
41324
-96356
-99951
82188
95852
-52312
-40386
1330
-52639
26818
-80825
-41578
40235
-4986
64148
3688
89754
14920
39596
-16306
-56984
31391
-65452
86184
1425
18888
-82696
74077
6960
-38526
-98743
80221
23768
-68028
53466
-75097
-17167
47905
38466
12907
-32019
-69023
-68932
69438
-52995
13066
33002
21154
73298
-30860
-73680
20870
14168
-28532
-29048
-61198
-79646
72638
21437
-30590
7074
-78772
80269
-87758
-15563
70177
-82204
739
-50405
699
-48607
20374
38801
-87957
-80263
-13411
-10332
-77593
-74869
-80628
75802
-20903
91352
72933
-31437
-42989
-9166
15084
76958
-52533
93697
-64610
-19157
-15462
43853
59460
-64434
44422
-50227
-55065
-54101
41583
-3649
-54681
-35032
53085
15872
96480
-12869
1541
-11512
1824
85417
-67800
63770
-92085
57441
6023
-73235
-37926
56240
57010
-39392
24344
-34340
-66825
-94828
15707
-17224
99281
-86645
-63599
52745
99788
38312
-24941
-25133
-12718
28499
78264
-11235
-30118
31616
28987
-26859
-82037
-49301
-84118
53580
59142
-86885
-67768
95236
-43986
-71390
-52908
-51231
-26028
-21694
-57961
54120
-96372
-26844
35281
-32446
-13941
-95009
11380
-11546
63679
-44191
60723
-73144
63081
-28829
-98117
81086
-74311
-84390
12993
59542
-74440
59178
-16295
90353
33276
9945
-81388
43851
28287
5607
-66280
-46464
-5747
-2244
-53456
-76881
-90712
-79287
52709
-95141
-57969
-54143
78135
-98453
-67179
15730
-81950
-54984
-99096
13396
-44128
-35769
76826
1024
-54688
97070
84279
-53999
-68616
73131
-53932
-53923
30222
22928
-52094
15575
-39625
14066
-55473
-16443
83049
79138
96591
43201
25156
-30154
95424
28811
-16772
36193
31694
53060
-50276
92653
27800
-18192
-4320
-9985
-8808
-59850
67788
60241
16540
-7999
-80722
-93505
92010
-81772
32354
30588
-1152
43389
-32262
-92288
-36316
-3747
-5179
46544
-80916
-24117
51247
38748
-68327
-99458
25122
60640
-18087
-77404
-60754
-8735
61545
-1059
-76300
53188
81671
52921
19742
67100
87979
-60549
2931
-99769
48782
-59773
86220
-87112
36868
-79824
-28149
-90348
46308
76543
-10718
-52279
-55183
-28211
3710
-41650
12989
-79846
-77406
-58574
25990
4121
-98787
458
-47594
40605
35455
-39134
-39293
-47837
-18124
76716
-15649
25491
31123
-24133
-4282
-6886
3386
65253
-84278
-7893
-37135
34446
-86791
-19959
-6877
-16543
85681
66193
99820
35010
9451
62259
70774
33133
-71895
-23549
30297
5861
14761
-66489
-28515
52881
-26278
-44938
13549
13210
-71393
75543
40522
-9908
14103
-55250
-45326
-77399
-6977
6912
893
-54235
-15865
-43403
-61193
-13848
25537
-78506
79564
-2697
9622
54637
-80337
63281
88184
17148
-90121
-40296
-96913
-58570
-5918
25924
-98823
-66275
21473
75673
59232
-60382
22793
70084
92073
32746
31292
-38491
-86670
16622
-91035
21377
-3055
89557
62839
54667
81329
12092
52419
-70296
-51233
35162
-82471
-38680
13811
36941
86717
21332
46604
27870
-48963
-21242
-88482
80391
65004
-27685
95549
82637
-31456
48514
99919
69476
-25401
7456
-14631
-83914
4438
75265
77781
86200
-68010
69519
10870
78914
45972
-16274
-265
28562
84963
38207
69962
74685
-27725
78209
29879
-22839
-84610
-70265
49272
46368
-83345
-81988
32914
-50693
-73344
-46324
-60707
22799
39239
-15003
-54990
65930
-69270
-1621
-59129
-98628
-72350
41900
10980
42997
-46007
99255
45109
-25423
-11027
73753
-43296
-86646
-15344
35454
87492
-31613
-19252
63273
20747
-83924
-31030
-67740
-84899
7843
-56231
-61131
91310
53197
-21223
19313
77343
26240
54159
-99042
-96331
8328
-61966
4720
87828
-54238
65332
67974
9644
-92165
-16825
-25162
-78313
67319
4321
-71570
9126
44885
1231
16459
61827
4477
-2478
-44652
-79916
-41475
-29101
23849
23983
-5264
-64990
-73513
-37932
-14007
90341
-21269
-38758
-9957
-62040
-78310
74841
-85812
-33256
9388
-44417
-6984
-69224
-47348
55297
-41128
1616
-82051
11444
90482
60700
-36625
78825
-90741
33211
-57603
99150
43277
1896
28204
41226
-50968
26936
-96047
52676
38668
38289
28589
-24795
-13352
90639
73739
-64274
-70856
7195
-15062
85741
-10521
-13387
24781
-30682
72186
-96878
-11936
-48116
-49077
-91944
-45125
-5677
-34716
-99626
-27414
-99974
85358
-21796
-97327
12042
-30799
78851
75346
59646
68867
36448
13577
14612
-52473
-67646
-17971
74433
-38324
74745
8539
-21048
-22078
45229
48343
49861
-79207
-62287
-80622
-71424
50878
60523
-95278
1679
-4186
-30131
30605
25937
-67468
39272
87616
61678
15278
20835
-31411
14412
42319
-83007
82342
73473
-34596
91583
-37621
-34850
95750
51850
77719
-15322
13900
-21288
67276
38391
29685
39159
-85910
98331
-4962
-93395
-25544
-34171
-64595
31284
-69906
-74069
5272
58330
-90208
15215
20709
71625
-17693
24753
42542
-68084
64267
25199
57013
80698
54960
68821
-16655
-43791
18036
58474
-99533
-15439
78575
90829
-37171
-81766
-5494
-99139
-75718
-562
-53412
-91406
-24981
-55038
10789
86379
53716
71985
-13388
32987
18648
-896
26484
-41448
-98531
-809
43367
3960
-89417
-70586
21075
10707
92896
-61991
-83006
-22011
54199
63298
63881
24155
-50651
-64952
-22985
72836
-96680
-73946
22110
-79629
-99372
-31464
-97895
-19289
-3749
-86456
-20218
-95893
16193
-50527
-47026
8837
84414
55306
62416
-6541
-65227
6229
67041
-17200
44050
-35001
-84111
-16700
-6092
70034
476
-78497
24931
-92533
51831
31892
82126
66247
76172
8455
1841
87277
-18029
-1625
-12910
92571
98514
-72210
-98685
-51693
-57798
38344
55879
92326
-68422
57318
92117
-11876
33192
-53309
-65362
-74155
-60950
-3363
-88612
-59578
85873
76634
-65915
68813
87318
51506
76149
18883
-16940
91305
-8727
63839
-61032
78059
49853
-2111
-22822
62177
-58016
-47958
87536
-34549
25362
62360
71277
56598
43285
-55612
-37438
10357
6742
34112
70009
96110
-50505
5712
-79736
-66596
83053
87027
20841
79049
-5389
50853
-48641
18908
-49385
-80356
-84565
-20065
-71646
-57163
62202
-84550
64256
-67997
-73393
-27891
30804
77851
-6506
88322
42534
83548
-44841
56262
66634
-64571
93630
-94960
-91
-97899
-24603
-73905
48402
52656
-30605
8784
31760
-84715
-42112
68351
58649
60007
60661
51390
-1228
-26079
-8905
82311
6887
-6873
-52112
38825
34067
-92685
-95710
-60421
95334
-77356
46841
43896
79193
32968
-58113
-22460
-91394
-30519
-46001
58907
-89918
-21313
165
11237
27775
-33368
-22270
-28258
7337
-69188
-61300
-40476
-22663
29672
-36069
48799
62922
98032
-84919
-36273
68917
-53690
79810
-85523
-92721
-25997
-33978
49131
40852
95177
-9827
13455
51824
-50540
2202
-76820
2425
-67328
45891
50447
-68186
85942
-55398
-85652
-90118
-81243
74560
60964
68453
-54216
-71935
-43671
-20707
-64794
64021
-24584
-3390
1957
23227
88663
3922
68910
10470
-51017
-80334
-36956
68128
85802
-51536
-12774
31457
35796
41011
-27471
-21199
-56913
-39802
74612
66593
42932
56553
-28372
6955
-26837
-24862
90724
83689
-60941
-72282
19045
-76978
22755
68786
-13950
158
40304
31595
2427
-56967
-97275
-83702
31592
-18737
-17823
96175
-76319
14744
-86418
-49190
-23074
78106
6758
99530
14398
-68467
-67409
73218
62590
20368
-62285
3375
-45857
-90815
86187
-22230
-90384
85000
-82835
9013
-20995
-64781
-7043
-962
-78627
58682
-98326
-38033
-75836
-49748
90874
-7361
84644
44230
-47891
99825
-22994
-59882
-46643
15963
81572
658
-68602
71832
80853
4165
50959
38735
-76955
-96831
18524
-5958
-10409
-41394
37131
38635
71037
-7340
-66566
80641
-85195
40945
-44475
98279
80640
-32307
77254
-94729
-41230
-52940
-65738
28842
-49527
47561
65510
57164
-35788
73202
8383
2340
-69121
92658
90731
-75860
-53531
90600
-83286
26082
60580
29576
-78438
25592
6775
40508
92839
40964
45680
-26615
-28110
47360
-41150
-81563
29480
62773
-95340
-79483
-3452
-18313
46450
68940
72691
34166
45703
3586
-45685
98970
-60932
50623
95407
-53499
84516
-79315
64573
88856
7963
-7105
31047
-56387
11061
33391
-92372
-41341
-85132
44706
-44084
-11533
39663
91844
45004
-89449
-6473
-63413
-28236
86571
86758
-92369
32775
-13785
-41293
33141
-34470
-98616
-72919
55515
62845
-23366
34776
-41425
-79324
-35158
-5034
-64821
95868
-24391
-24505
-84671
57512
72569
37976
35065
-34280
-89915
-38364
-56921
31122
-97557
67191
96568
95501
7719
-71367
28107
-74902
32806
62304
25786
99674
90078
-37119
60066
63894
20853
-74724
91384
-1141
-58372
-88551
-57816
-98526
63759
-91000
-56366
90146
-34963
-88575
922
48759
-95552
-6157
6817
26198
-29774
-63607
-45597
50854
-58770
-27711
-88768
-69809
92990
-67271
88456
27243
-2702
17620
58999
-66230
-4384
63313
-80677
-15665
79071
63790
42141
42524
2961
-97982
47409
98520
-47639
-59455
13628
-8616
-9186
-28942
-25492
52503
40662
-45868
84574
98826
82358
35299
50859
-83160
38283
49302
-25008
-95352
-21102
12188
-5500
66601
95010
-51602
-33037
-16858
19760
89512
18141
71674
-92646
14475
58441
10804
85877
56957
-9676
86750
15146
-71204
10269
-28628
-52288
5371
15066
69224
34303
56893
82575
-80074
-5436
-74586
94055
70474
77587
19471
-73853
57539
79779
-95219
-65063
97141
-16064
87819
71412
-86430
-52873
86764
87164
-35387
-15963
-87537
31378
79406
-23839
-73437
-3512
48925
81751
70356
-40401
-4036
-99978
96134
-29766
80726
99809
89709
52077
35738
9037
-278
72669
19309
-4200
73312
15343
18795
42855
51585
-74194
47313
40231
83303
67730
-88974
49596
-76548
-55838
33322
81711
71468
88662
15178
91083
59403
82447
-45805
-63897
-89481
-33742
13697
87291
83973
56542
8744
44462
-89348
96554
13224
-35684
81323
21125
-67384
-65156
-3381
44032
-50623
9309
86881
-16334
9247
95905
-74666
-39538
-25448
85603
-75634
-85039
61737
83485
-17109
-68753
49967
45919
72817
7128
95995
64730
67972
81869
-58792
-78761
55918
-92357
-71587
-85915
-65775
-43596
-62697
-623
58192
-60583
-60239
-30556
-14549
-69429
-7959
2328
-6442
72679
18089
37000
-96013
49106
50364
-37232
78351
-87361
62037
86099
-26131
27777
-48452
92823
56789
-53325
-64339
25915
25838
15548
49564
81350
70149
-20984
82537
-83789
44559
-5565
-19604
-62038
18398
40215
3269
-44375
-46918
-9716
-91753
25506
-51928
-11741
56358
44540
-98227
12880
47929
88196
73960
7941
66863
41019
-752
12905
30130
-88950
-72777
69310
68216
-30073
-53312
56007
43787
87115
16197
-69380
-28614
1802
-43380
13676
90993
-90656
66606
-79110
-7821
-69965
-79967
-52614
31013
71661
-38521
47101
553
80873
37680
216
-59663
21544
10330
75220
27255
42539
-36474
51162
35817
20562
-615
-29039
48993
1862
5453
-91218
-22903
-71604
39570
64606
-81480
16214
-93218
-74232
-20314
-28084
33072
49342
-14850
-24354
30063
-53515
92689
664
-78391
-75705
67337
50346
61138
-9977
68060
88492
-19362
18134
-80710
81750
-34415
70029
-5968
-93231
40946
35451
94864
46278
57826
-70573
-39714
-29472
-33304
-93083
-2422
-30677
78003
-10130
-11254
-66320
29471
7261
25684
1369
7083
-61364
43841
97668
9223
20717
43960
-13644
80379
-83106
-96855
2631
-7470
-13037
86245
-23741
-9032
-784
11746
-33885
-77367
91136
-40731
81916
45759
78652
38036
-70588
79351
6648
4848
20329
91549
48017
-32300
17070
23487
-75241
12449
7285
55851
-54914
-46546
56163
-55745
-46847
24487
66700
16077
14898
-63898
-7569
-40789
87920
99034
17872
84432
-48289
-45508
63071
13907
-51385
-71713
94600
-10361
-6301
-25256
-52779
-58013
46672
-8440
98955
7173
-45863
-42295
8826
59476
7929
25475
78281
-94250
16080
-34003
51901
12787
-19697
73692
-7423
-34371
79598
-39848
35102
88558
98599
-30165
-81456
91252
55602
84124
72883
49371
-86392
-76770
-14321
-22672
15318
59029
68385
-95194
-83195
-63680
-87678
-58213
12331
-72764
47162
37489
61800
30314
9145
85067
50501
-57427
85074
-65143
-3605
13309
-85096
-34923
52634
55362
-59752
-11413
-16630
18780
68227
-65821
-18136
95485
-16550
20925
-30595
18298
-83838
42235
6278
19734
55346
-60795
36719
32282
-3409
62648
-50076
-64662
71116
-45970
-80753
-5676
-24799
-19284
34382
-570
-97520
-32609
20145
-35257
83697
-1537
-28883
98986
8376
96378
-46519
16403
-87453
-72481
-94786
36612
38228
-22362
-81761
-79924
96342
-81145
34806
14635
5719
-16880
-15633
-61795
71093
79216
-89986
-99382
15060
-61588
47233
67838
48040
11481
563
-45165
73410
8333
98044
-29175
64286
53322
99865
-50722
48547
81172
19616
-13322
17354
7345
-34851
65766
-17859
-86581
-17175
-7979
-82139
33906
-27619
-43767
42632
23443
-64024
-23749
38918
-99715
91416
-65282
-75558
-57090
76108
-88292
-40371
2992
20090
-4928
52369
52333
45609
51890
-35179
-64608
-52831
75072
16660
-644
-66771
42664
33777
-3998
-39547
36560
-86591
-26112
-68732
34725
90463
-32644
-31788
72907
-19073
-5339
-81191
9326
35648
-99338
-17238
81900
-83502
-54727
15791
82616
-41070
-1889
-27773
18314
-3906
-49869
-22743
-23903
71589
-94730
26425
21136
36202
84817
94126
44953
71803
42959
60128
57114
75786
24090
-66994
7282
-46078
68246
4162
82259
-49060
-98407
-51652
39481
-36025
-62912
41253
17714
6034
41667
38638
-62822
31518
-76532
-5719
-45241
-69997
-27231
71992
-17306
-73681
-49362
-49893
4353
-50305
-17215
4396
-70757
17204
-86561
-36794
-40971
-7419
-14240
87987
4603
-62863
-32992
-31340
60027
53542
-26010
61961
-73691
-73505
3465
87982
-2213
60203
83876
-70160
-60469
3703
-29292
43503
49978
51011
77277
-64761
53650
49298
62743
72357
-18085
66486
79054
-32578
26436
-43507
-75625
95086
-5657
-54433
-69136
22011
-83234
59013
59324
21006
21273
-12289
34128
44209
63264
11420
-87847
-44527
77028
34484
-25732
6462
-69962
78928
-79020
65156
42533
21804
26733
-24157
45997
85348
73385
-99100
-85844
-83249
82514
11918
-87350
53628
-3287
18589
-61132
22642
53460
-63565
-65516
34014
-34613
57580
-21775
-12255
98779
19969
-35239
-85984
10731
98090
-63811
86032
47785
18738
69056
11440
98592
74828
80345
-26324
-5577
-6342
-83255
9932
55969
-79361
95254
-84890
85300
-24610
-66264
39220
34519
-81408
-82066
73601
20972
67794
54009
-47926
-34206
-40721
38869
73795
82703
-25710
-39679
51638
-45614
-12469
-12498
71834
-56106
-68622
-48254
-9758
-20454
-53346
-62649
-87783
-40384
53608
63469
-27914
-89435
-12072
-98246
28475
-64001
52021
-60393
-76167
-18161
69093
-26304
46352
-9284
-33394
40721
-44674
58125
-95879
22322
53229
14771
-88449
-14018
-33233
20214
97208
-90690
48095
99165
42010
40664
-71734
-63685
98537
54962
-90794
-31314
35547
-2270
-97856
41477
4135
73839
7834
-18094
6282
73498
-51071
-30691
-72767
61502
83333
-65244
3429
12192
-56450
-33271
-81967
41749
-40880
-17937
-6969
94197
-43215
-22086
16834
94679
-86963
-49014
-29401
37184
-55689
5632
-9569
-44136
86923
-67779
-22848
22587
-3968
-47751
8005
-70077
-26764
23022
68886
25596
52876
79198
-11241
45188
-5474
-30859
31833
-34050
85208
-83411
-49773
98605
-9726
9655
-98045
61097
11807
54814
78827
-20824
-49678
28383
95008
-45398
58943
-69259
9861
55941
-54748
-19952
-1264
21146
-21309
67193
-74426
-62872
84460
-29658
-59667
-15244
45147
-2879
54826
-14938
-86096
-55377
-74784
-881
84188
96685
10243
90730
-79891
53211
-46470
-66474
4733
-95599
75380
-20538
-69155
-91445
-35763
71986
82839
38785
53583
38998
-72034
52770
-15289
-16653
-90579
83523
-61541
-78858
18207
-47871
-15459
-29403
-31565
88946
-23872
31111
27599
52944
-95641
-57947
16941
-94445
14502
-97035
-25292
-80824
89219
6479
4103
-43732
-28343
-34433
87193
80094
-61727
52566
-94524
-20762
75969
79609
-61148
6431
64
-35895
-10373
50467
10833
27068
-59544
80120
88000
-43758
21022
-27243
40258
-76738
-51469
95791
-76205
4366
99721
63985
67478
-90882
-62785
73877
-80608
78635
34704
42261
-84562
-49612
-18378
-68764
-75746
85956
11092
57367
35233
99292
91286
-7118
67662
-40883
-13148
72101
4698
93764
25411
-32309
-54649
89300
55574
78925
10415
42976
31534
53613
71814
-13715
5244
48831
94999
97430
-19129
-69891
-89847
-51858
47918
14205
-4712
-57114
1326
33067
-6304
-35525
52508
95083
-25986
51126
95142
56247
-99182
18570
3606
26376
1426
-62930
-53963
54715
-44535
-47408
88204
49206
-76099
4934
-44245
-77757
-54383
10262
70824
-23447
-17445
-86644
37273
29761
-81694
-77691
48233
49706
22721
-85774
16486
29355
15000
-95294
-23438
36020
67078
32910
-79708
-3544
28676
-73156
-82169
5438
-81715
-89581
-10442
1217
74052
-52732
-3221
-8312
-71438
83128
75225
34233
1753
94314
41085
-44199
34505
27448
-13794
-24979
66870
-95607
19656
-68138
-14094
-57416
-68229
50589
87397
-92958
-78817
-90369
20061
30811
-13813
-83121
-95456
17103
78778
-61664
-78949
-66563
13027
87262
-30304
7197
3005
70226
-26361
96250
-26884
69771
10212
-38262
-89063
-24652
-92924
47449
73133
-95327
22827
54283
41602
63176
29684
83270
209
85402
64489
64215
-63669
-67152
-96586
-46625
-55570
65562
-55480
28476
-4733
-19583
-67547
47981
-8682
24585
82838
23771
-79713
94632
20037
14202
60864
-77255
-76762
64065
3683
17375
47042
67073
-73605
-46948
94652
11513
39213
-24940
-42474
29491
21845
-83351
78563
-89084
-75061
74996
-58579
93132
-97993
-47511
-47798
-63593
12013
24015
28826
92601
70863
-32933
34705
28410
-11647
52947
64149
17047
11940
-43422
-45071
99161
-11271
-37538
-38426
95070
-24997
-83272
49641
-44849
-86257
66925
-48481
-38017
12063
-95283
11418
-64601
-28827
-27306
-21409
35512
19845
67206
48220
41326
74911
94370
88237
-57917
-40817
-29855
-86435
-50423
54008
-14560
-58980
-74256
59522
-46925
-58050
50920
-48933
-80437
83573
-88995
9996
45452
-98025
93215
-76917
-55095
57598
-34126
63771
-70473
-12723
90373
39898
-76848
-66656
9563
14577
77568
-32186
-77322
88011
-84668
-12466
-5003
73425
88540
-87863
-19162
15140
31540
37390
-48273
95645
30532
7141
-58920
-33559
99065
-34862
-36872
50804
-66631
51050
31070
68614
59730
-7044
24696
-14117
-10432
66039
-52000
88808
89802
-35951
-95149
-42970
80334
66384
-72272
-28393
5214
9988
97846
88678
92576
-40859
-69337
46872
47967
97108
-2669
17095
-2927
9345
96627
21115
15695
8079
-8223
-24105
24159
13763
86673
47459
14099
11319
-35480
47133
-80582
62740
-16555
84165
10939
-46542
8925
-7087
-55226
46044
-28492
92934
36918
-13643
-53314
87804
2214
-64832
-27128
-67550
32604
29307
42160
36978
82870
86970
52595
1977
-78448
79817
-33658
35677
-24533
24305
47734
83130
1218
-94425
-34789
-66759
72696
97449
-86336
24648
94081
-52455
-56728
8513
11596
-71926
90636
-33030
-41138
-4055
55778
-67966
27810
-39241
-99682
70090
19622
42771
29704
-52874
-29217
-73358
-52264
19076
7577
47796
40819
85885
-57863
96694
16961
24035
62752
-83996
-50025
86766
-46425
-55010
-46318
-76452
83614
-27707
67364
95118
-50317
-32109
-3177
-55924
-47588
-83347
-93344
-571
14314
28969
-55762
40921
78290
-55572
22249
-32659
99579
66388
-85064
85936
-62076
-72790
-48695
34340
21690
-92496
-92644
46682
-7466
-24726
11338
-86657
42491
-28544
-51065
-76796
-51458
-86271
-18907
1494
52804
39060
52169
-46859
-97095
42513
-32807
-87935
-19808
94181
2192
-28184
-68179
27425
-52251
89678
-51173
96100
-95330
1139
96026
93973
-31550
52963
-94219
61992
39997
45296
-18725
18346
-56358
46024
78819
-87794
7420
-2350
-44209
-72887
-56397
-37333
74682
53569
-21604
37124
11950
-93491
-92884
-80814
-87181
-28934
-37813
-58424
43894
95639
35533
37635
-30705
-49185
28976
11777
-53302
32297
48142
10083
-88860
59082
-70663
-88104
33912
-23849
60650
-58939
52249
24518
-84772
45025
-19449
86175
65867
44599
10643
16552
19957
17327
44069
-41462
-83782
57180
-52917
91172
-13080
-55764
-53990
28839
-65454
15158
-80227
-47126
-55519
49504
31875
-94649
-61793
-93302
68668
-76394
-52223
10984
-5481
22631
78005
-79264
-79492
87290
4794
14892
91211
63903
15727
-1120
-74706
-83092
59720
-28957
-60463
-63742
-75576
65464
39919
41742
97394
97889
-51269
-2529
-42776
71773
-27758
82360
-39063
-78245
-13333
14872
-93751
-51382
-49045
-64935
64689
49375
-31025
2219
34375
-7822
60949
-42890
-51125
-52364
81703
67969
-67137
79678
-99880
-80018
-73772
-84172
30750
-36964
-29282
-53154
83654
99211
52665
-37044
-99890
-51096
32818
-66963
1940
46556
-77070
-74878
882
-41842
84360
12900
88973
-32707
-79497
87045
85916
7054
1282
-71327
30087
17353
31549
83871
73920
-87163
36174
-13216
33299
35656
-36047
-27847
82608
20798
23394
-10876
-63532
42948
42691
-5669
-84556
-25139
-31940
-42773
-92016
-97956
-72888
-18372
53734
52447
-18689
-30927
-56725
17053
48999
-48192
-32266
-94899
84757
-11033
-33128
17084
-12093
-56020
-38158
31988
5024
30992
-715
19062
-83641
-26516
-71900
52878
98441
8987
-3116
10199
82587
8951
-34476
-53189
-26985
77312
48962
9638
-15610
-87383
43400
2046
-27657
-99240
73238
35849
-47945
3167
41475
44436
-32722
-40416
97886
-9899
-70935
62788
7609
-29394
-31053
-78879
-82110
70318
5565
4047
18727
35921
17489
47024
-15193
78673
17825
-56594
-18815
-18605
13041
10745
-60741
-58785
-20411
1808
11748
-13237
-98151
14172
-99900
-23598
85343
117
-67267
-35138
-45055
-28524
-13872
15964
-11146
-37518
-21402
37160
19018
4347
-39385
-99022
84156
-90256
87499
-10277
24489
35381
7311
-55907
-29563
99722
-16249
-2229
28783
-97473
99916
-28892
-38559
37513
97896
-42886
47015
-44926
84087
-7117
-99623
40469
-70465
-47581
-16395
11881
11695
62218
-71712
-54300
-6508
56880
75796
-3811
24039
-80092
31503
-6161
69699
82991
29832
55793
-65765
-5562
-84476
33094
78131
17435
-82736
92101
-86596
31660
-44506
-63310
90699
79122
-68437
92202
-74734
63419
24595
-48699
34629
-18471
-24356
33432
43490
50648
71896
-61582
51282
-33921
-33053
44899
-63252
24515
-77557
15664
73667
-2566
25737
-96081
-17022
44003
-83577
-23806
34365
-90218
-53583
39353
61650
33696
-71235
-93368
-50046
56841
-72531
-91764
-5653
-7725
-11197
-14593
77863
-76179
70078
18748
-40782
52632
-84066
-683
51600
-89380
53658
1337
-48621
81003
-43726
4907
-60204
79371
95806
-79856
-78145
22976
-33338
27950
16657
30768
70837
90953
-3569
-17402
72087
-77321
-14034
-86725
73021
-16511
80718
24373
-71008
-54798
39277
-33579
-25950
61952
97816
4938
32329
-61014
74624
-7223
-85422
84447
82985
42151
51309
39962
42849
-93564
92167
36257
83290
-5252
97937
23477
20319
52628
-21440
88022
21025
-91592
40100
19211
-94002
55667
-8667
-46866
74062
-15846
65497
4976
-96219
93983
34095
36341
-24337
-39448
-29402
59797
-80618
70458
-21089
36051
22680
-40354
26546
73750
-98125
-5871
20921
-23281
13131
24356
-45952
89049
-90352
26759
-79258
48675
5065
34945
-62254
24315
-18828
15377
6781
96372
73666
65968
61106
-42951
39589
-10287
52856
51660
-66784
45161
34972
18413
-9963
30858
49642
27967
16706
85321
-15956
-99522
16661
77671
-81938
-37072
11117
-83425
88796
30904
183
-46152
-21633
39155
-94531
17055
-45945
-13749
-58118
-19371
-57295
81694
96155
-74923
23977
-97431
-75926
-11962
-96621
-29065
-69673
-86991
72763
-66553
-7805
51724
50070
-93474
-48348
15567
23444
52946
-85331
83646
57239
-84186
50924
-87397
-57775
18396
-3268
-56213
85879
-78900
-23337
36234
52574
26497
-21554
-13343
-58964
-15093
-90377
34543
73759
43601
-19056
10491
-19818
62592
-95671
-30738
13090
48014
-76537
14628
81727
-67626
-7098
-15970
82301
74136
-25996
-70530
-22690
46964
-34259
-4988
77
67182
54881
-64287
-37379
45457
-28121
66035
32407
-54911
52722
74897
38864
-26809
-55432
2504
68913
-3038
-79512
-86626
28116
-47358
-90980
57861
40379
3815
35628
61120
13623
-95138
12978
-75539
-67813
-68453
97048
-58590
46996
74882
10207
-50359
-2043
-6724
-59536
-86312
48393
-34810
19189
-57111
-85136
1668
66076
-87974
71880
60425
51569
-36024
-41373
-46149
20479
49095
20157
45568
73164
-2355
-13960
-72566
29069
93564
-97621
-91722
-46507
83154
20137
-67411
96849
60909
-70634
-8153
24140
-61578
51472
-45077
28982
65700
-44681
93439
9787
-65640
82007
-47670
-56575
-67730
70157
-29508
-5495
-22385
-12161
-88920
9327
-64321
8840
1384
-8893
97350
65630
90672
-18505
47605
-56726
51679
-36743
64301
59517
85807
72397
-17283
-35710
-82032
-14291
-47207
59285
4715
-27948
23143
55339
-33393
54220
74054
31267
96700
-32977
30132
-63440
-86996
25819
19743
-32612
32579
37142
-45988
83793
-72485
55040
12247
-9259
-1863
-45738
73742
45852
-28356
12997
22257
-94130
97779
-8291
98924
-56067
96225
62663
47730
-36431
-24792
15239
-41640
1052
38082
-59122
3407
-84974
-92103
-85023
1974
46679
-99253
-8983
-62067
-78466
10953
84544
-79677
-20154
-84236
-74476
-68353
-44583
29220
-96544
-97983
-94085
58801
63754
-51158
12808
40048
-7103
64287
-27510
-67040
-76883
2812
37521
56997
44795
36735
-85592
66152
-29856
-27825
-70615
10546
-97224
91223
-23895
97849
63464
-7131
-91939
30307
59657
-94739
-38841
-86394
61019
12872
17657
48390
-6456
-70712
43764
8390
-20769
40360
88999
-56779
-12332
-62126
76029
3353
-32664
-20803
-14628
2864
43210
9842
-2585
39490
-19146
-22886
-8924
76067
46653
45413
-48288
-60101
-69627
-98364
-43426
-38532
-25793
54874
-87313
-95978
-39337
-90588
-53833
52868
-16594
29876
-41224
75897
94025
-4406
92895
51392
-74493
36446
-36131
89115
51521
-6674
-35175
4156
-45921
52089
-39515
29860
-76592
37848
47560
56630
-74361
-86979
66349
-15487
-69275
-70204
-65121
4741
28936
-76176
-90362
40211
12627
-1820
-58117
-46094
2052
69902
-73063
-28646
-31630
5918
18985
71242
79125
93153
-70926
-53104
-32973
-45897
-35333
-11906
48681
-36858
96525
-96780
99652
-81678
24245
-83178
13749
85580
34139
85700
-37193
-49116
-61780
2799
42149
86761
-39694
-48949
-20922
28652
28576
193
75118
-69175
-9018
-74323
49006
13239
-81499
62995
-42741
89543
16494
-86513
97693
80163
-52691
-34997
11912
-46880
93781
-36117
56692
21914
72736
75462
38054
67530
-57677
71329
91652
-25906
-81984
65954
29062
-31249
-92421
-31381
-90306
-25867
-98007
33382
-2959
-13752
29522
40375
97625
-98998
-39894
-72321
55734
-70850
59689
-24879
-94140
13272
60999
41394
95530
74661
-74560
-61714
-87541
-6992
-62106
10864
-39981
-36640
-13736
54772
-82287
90222
32253
29484
-12006
39109
-35517
50014
65544
-91215
13798
-49076
82715
89677
25945
-22331
-54822
3961
-99491
-40078
31439
52172
31221
14927
91468
-91868
-72149
58308
-3337
69826
-70538
-86587
97972
82113
-73833
-9364
60367
45562
42205
-67239
-54558
-31256
-61761
-34996
37039
36447
-26295
-75982
-99468
-12684
69054
-17659
-69351
-6572
-439
-66954
-66177
-98637
-19153
-99175
-45768
13589
35045
-12105
-97196
73472
-45576
-19235
80879
-13348
33444
46557
89595
7028
5410
70436
47737
-54820
23991
33466
81201
53550
99959
41286
-66247
-86439
-15801
-9934
-16508
-10865
-51130
26927
79645
99617
58932
41495
38069
-63395
-50028
-36894
46006
51053
-22327
43370
-91545
-53537
-21116
-30042
-2366
-89621
-3134
6404
40049
68777
-65873
89482
-63716
56404
42062
13067
58104
73642
47484
-81544
30834
-57170
-84722
8277
78537
-30446
-39879
53803
-68505
-44100
-2258
-82179
-44357
-18278
-76516
-64582
-79617
-25072
40287
-39773
32222
51360
2553
-34891
-67910
50032
-28471
77122
77612
34412
-86125
47415
-59671
6036
-73664
2936
47828
70611
14433
52727
60804
-70170
53590
-77010
63418
97941
98868
-40802
-90236
50638
-35139
10235
-55715
-70864
58558
-23214
17096
-83109
84103
-34438
70146
-72465
-47779
97495
29421
3488
-5406
89526
-35273
-95450
-79725
-74750
-36177
23445
-10728
8633
-52600
-94444
-26128
94641
66532
72066
-589
-6055
52371
-7500
-10848
-37017
-54221
89681
-30474
76177
-3942
-86474
-23586
20605
-12796
23930
32815
98233
92452
-47443
46495
-12621
46621
12667
41250
-40732
70600
3521
-85660
-24381
-7727
-53470
7007
-16696
-15607
42311
-31335
53064
-18143
64457
87259
-84196
-71319
84663
-8078
-7141
-54866
-29396
49994
36715
-37595
21239
-34765
89666
69807
42497
61420
94375
21026
-38056
4596
29043
89891
72340
-78867
-77837
-27014
4972
20139
-89866
7388
41251
-24812
-49187
-94358
80525
94711
-24948
22141
65451
-30395
-80595
37403
-41396
-97208
22040
72132
68125
-66005
-21005
85814
50559
67592
-88847
76490
92294
26937
-4441
-99697
-69975
-1096
-27186
13573
-8855
-3790
-12648
31665
-70417
98413
-71736
15075
4316
-11282
-75163
-40870
94287
-16314
-26242
25993
-12260
-29632
38260
-30515
-33842
75797
26306
-26671
-42694
-2703
53934
83524
-67093
-1231
43054
49352
-48230
-81547
90082
97252
-84847
1504
79009
-21072
79044
56870
91566
-90138
3294
-15449
67138
72846
-27337
-11124
-79834
39056
-61469
-66819
37901
-77701
48092
-56972
90995
-16820
99814
54364
-10494
50557
97574
78119
-23977
-91502
-58723
-59449
-52809
97706
-95921
-61086
56294
-81256
-4207
-13133
-48239
51115
-4255
-84077
65444
-93049
62686
-97969
-48363
50762
44649
89914
-91901
57552
-75022
-24187
18136
-45504
80413
-17809
-47480
-12582
-91766
90427
-48622
13911
-55680
-72682
39281
-4779
-88636
12149
-65837
21293
-15464
-61837
-86734
-52728
-85402
29808
15368
-79500
97346
-54355
-71862
10892
-35479
21748
-81567
-33023
-38361
35460
-90428
7551
54239
-98970
40068
-53459
96798
84026
-88049
-23358
15402
-97551
2172
-26299
25043
29381
97762
66140
-23486
45216
-71099
-3984
-74601
-48304
18552
77488
73992
62276
-787
29389
52529
-14527
42332
-78304
-88633
79151
39903
70413
-7288
2815
25167
-83732
83133
51888
45056
-368
94836
78232
-70575
-69453
-52979
28331
-22830
73006
-96834
-18650
55709
-15597
37410
-54884
-95826
-83439
-96788
-99949
-36619
13181
21612
56113
92783
-29493
85156
78723
3850
9793
2836
-8752
-71533
63952
43617
46260
38887
-30057
-42358
-92882
-13719
36397
-36661
59492
16954
-31710
-9543
9501
-29412
7024
96226
13451
-76348
-54716
87066
38066
-70285
-60235
-39007
53742
-99000
98834
46330
76795
-85522
94581
55568
16093
-54014
-31771
-1357
-97503
35244
-98089
-59438
-17214
95811
49823
-88493
-48624
-98996
91949
87112
74732
52099
29156
-25493
75529
-20273
-18861
15297
32397
79893
35431
-56965
-12901
-2501
83475
63461
16289
-65076
33835
99649
56230
18726
33150
-97145
58941
-4527
-39367
-88536
-66002
-98428
74228
73944
30446
17248
14346
50492
74754
34815
9609
-2723
-79023
8198
-34372
2612
-36387
90362
17448
-20104
7649
19756
64476
84690
-91166
-60160
-67126
96563
-63743
21588
-70838
42089
98343
-49458
-60435
-65203
38547
76588
-64072
-26852
19290
-35568
-16418
-9921
133
-7841
37157
-48836
16846
-93066
68771
-72343
83709
31093
38763
-92193
-41912
-87121
41636
-97827
-54503
71410
-2621
-64500
-57409
74817
-1808
-97879
34203
61494
92133
-92039
85647
23632
-27236
-3640
-23054
-47122
-65363
-58317
-82976
-8188
53899
89658
79052
-96432
98860
59253
-47864
17304
89000
66136
-52116
7790
-33685
-30879
84661
-83930
303
-55046
86038
-49669
65352
-52399
-27870
-65482
-25239
-13780
95039
-75956
-71089
-82891
-86854
-34605
67314
39246
-63724
-94302
-10836
-28569
-82920
-33118
-11059
-45350
57483
61757
-61407
-43120
-23781
89240
-95121
75453
25922
-12884
44101
35235
10056
73816
-28872
-60545
-89071
8052
77397
68119
-41996
-77382
-56602
13237
-44054
9986
87924
-35297
36944
-67696
-36878
-16146
37486
-83884
3241
15878
-68313
-49844
71139
58185
-37019
42535
7811
81136
-96943
98669
-3182
30737
51614
-17074
-76432
-99144
79113
62266
-31559
44378
50423
12848
93430
2335
16692
-5194
18635
46153
59021
-99587
-83710
-87878
-70708
36705
-21675
-33074
-64466
40150
88822
8749
88519
-88241
-1530
-67514
-83375
-56135
-72692
26767
-42418
-4970
899
-58385
-22607
48395
-141
-85307
75039
-87054
-74977
75582
-37361
-81883
-6152
98072
5348
70408
-69717
2630
-6650
34859
14696
72361
-54811
26014
36006
-50687
88049
85137
-27216
95081
99542
-33218
53929
-92677
-48647
-59817
-2885
-79626
-62616
59258
-15560
-81353
-59723
-525
25245
86512
-1092
84457
5020
84752
29543
-66051
77451
54253
-22262
15455
-41232
-80514
46028
59610
-72255
-65563
66191
-37749
87171
4261
-68045
-20284
-1648
-56958
82182
39757
-63005
51784
45391
66990
-49654
-89104
-98800
71376
-938
70977
-95177
-49993
-37546
-93559
39557
62905
41295
11502
25451
22588
64327
-92038
49966
-78482
-30755
-71536
-55580
26588
-53146
62320
79684
-91805
22456
-37706
60018
-20921
15780
3565
-56147
6592
-3586
-81079
54370
71180
-96749
-93435
75112
-54160
52236
88048
-51987
65719
-2087
-44464
-90801
-49960
91301
89703
-94203
93203
23552
-40510
12227
75902
69040
-97699
47185
20004
-89558
-22829
23795
-41279
-84530
21839
98806
82697
84854
-62511
-85058
-15756
-42677
44965
-80501
96704
-30648
-77174
62614
51668
-57522
80105
3301
-65831
-4404
-22863
43789
7961
-24646
-36018
-46121
-41942
-8683
77095
-96024
98822
45936
-26952
-67867
-5659
31553
-59378
-89816
-52319
78192
-336
-72058
-3241
97843
-6805
53276
37978
57846
-22346
-72935
-35153
11549
76696
1394
-37032
39124
-48867
-70118
-56175
59268
8255
57949
47787
24095
-41509
-82052
-86719
97620
-44640
-10143
-72795
-23503
91296
2177
54463
26307
-58338
55720
96215
-40788
21500
-97615
-89327
-53367
-86339
5078
88
7680
-68441
65913
74121
39376
-81712
44529
-76880
-28673
28771
-47706
-52659
-44991
47498
-71953
83627
23925
-53508
-67004
-29373
-63986
12963
7203
35448
-74990
-1007
21634
51123
-54455
-69884
-19159
-89384
-41676
5518
-10513
5293
42033
-95746
-17107
57161
-75358
-84734
-30462
57811
-18268
13690
-58802
-17219
-96448
-46548
-84579
11698
-21566
-66918
-79866
-9665
-95182
36071
90883
16511
-29107
-68608
83669
51376
57310
-30108
-88405
-7683
4403
97520
-31168
97119
-80980
-86406
-20976
33702
50128
97211
44251
56352
-9406
-87956
44849
32241
-47331
22274
-12477
-83443
-68539
95064
-23457
5459
-46053
-10900
-40808
-72189
-56298
80157
21114
-48438
-91585
50946
-62356
-35910
-91962
-57782
-52690
-63805
-64178
19281
-39741
-17853
46258
23624
-98782
14720
-2345
-5329
85064
-45673
-94315
-1682
39435
-18550
-71719
12750
37325
87744
61835
-32406
45545
-22843
92720
-95112
-59352
37032
51290
4122
-96997
52027
-74617
54332
-86729
24562
-15613
-77209
-2771
-81027
-78961
61661
38316
-46955
-48541
21033
-90312
64194
-74021
41823
-13265
4039
-11233
-88375
91893
-71032
46537
-26040
-55655
-24841
-18493
79839
52910
-53436
-9246
70915
2712
15648
46249
-69946
25376
90550
-15778
-49875
-8595
39657
-66182
18825
76925
6478
5529
-35083
-76987
-25727
-59818
20546
-58418
-87057
-559
42276
56976
-46165
-26286
34848
-82391
51811
-53825
40536
25040
-91719
-93789
-71385
-89349
-11149
42962
-8445
-91731
60497
49266
86667
66630
66858
70053
51988
37619
-53822
52687
91000
-537
-493
42720
15013
27531
-59369
36890
42913
27242
42400
93907
283
78123
-1153
32346
-65718
-91650
20067
57334
97964
18296
-3280
39237
-62726
95945
80863
25384
-79888
37329
37506
11796
34188
68011
-81570
-45817
78573
-43806
24811
89686
-8012
-36841
54902
-76892
24759
-36558
62701
78590
-86375
-61918
-85461
-78865
-65846
54353
-59396
-43779
47067
40252
-55092
-942
35739
-30253
-42646
3635
-38863
-79140
-4079
29479
-17769
-95363
-73949
-98121
70565
-80363
-96341
62236
-88782
29089
41335
-36529
74296
52693
97323
55018
-44748
-38845
70479
26938
26260
-23669
-50976
-17557
91691
15680
-17235
9017
-27743
30099
-19165
3561
-64530
41125
-59270
-13757
-7139
-28131
5277
-36745
-57880
42095
66201
38572
84966
16484
-50127
-92412
23619
-85798
-49934
58935
24670
-42915
34905
-25193
-12166
60061
-10278
71931
49914
45740
-42364
-81785
92067
-4109
77367
80478
49840
-57588
43350
95415
-92218
86082
18788
-73108
22145
-10156
12401
99727
35121
-3232
-17965
67628
-30178
-52564
93401
-46730
80953
14184
63915
-41018
-75844
-76815
-79744
1168
53412
-24437
38357
16438
16558
-79555
57715
83861
91243
45792
-97560
-52820
-18383
67614
79491
-50518
-37410
85613
49572
25680
-33048
10263
52609
31689
71200
-37064
-66053
90889
-21249
-14851
51596
30187
49288
-70496
70121
-12014
94471
-25638
51906
-87763
-18073
2274
3225
26873
-31248
-95630
-30671
-55252
-99350
59192
21543
-17399
-35712
69884
25532
58183
85159
-59530
48228
87089
38048
41234
-70897
71630
-65379
46815
-49389
-32557
99236
2466
-86347
8815
-42019
-78086
4399
-25562
-42337
1415
-95132
211
96801
-23804
-60051
90442
63528
27770
23664
87004
35542
-77431
85801
89262
-49556
-41645
31125
-57289
-65226
-10974
65482
-47844
-57609
-32548
72545
39202
-91163
-92299
78515
96392
15137
81520
-2775
10921
-32449
90057
27746
83089
34443
-92959
65800
-97770
-96253
85557
30793
29535
-99485
-86117
42099
-98176
-75778
61124
-81265
-37866
2920
17565
6997
-36757
-21740
46916
-96721
15363
-18005
-54600
-87386
-53111
10639
5132
69612
98886
58579
-10822
-87484
-64819
-25672
-74607
87283
-75007
43419
73859
51800
83355
46384
54665
440
-13232
29804
-41415
89007
-26831
12648
34029
-23982
-83703
-96440
81566
-82493
4809
-39171
56065
2555
54731
15096
40890
56732
-48325
-68061
-10129
-4571
52602
-367
-85994
87888
-99686
-75429
76714
-81508
-44844
59744
70427
-34049
2911
69992
42918
-52423
-66033
-97584
93032
-78655
53481
-57551
-31070
672
-11195
-88997
-88381
90762
-67873
-15502
74248
82052
-96892
-61489
-58758
-83105
32035
-90599
79783
40771
-21662
39528
37955
55079
-1873
-24801
74704
96204
60773
18927
62009
-44460
91695
-65200
9476
98400
-39842
39544
-4895
68409
-28410
93381
-37030
-86640
1390
-73226
16519
73114
-86844
-98441
44643
75290
30751
-52128
-11619
-2598
51550
34730
-41725
-75258
-31876
-72109
-6664
-2267
-9430
-7155
-30976
93852
-17666
35879
25665
-6249
3475
-55852
51954
-93183
-7260
-34754
35743
-17443
75287
52544
-99993
-72632
-90177
36991
-20391
87342
-33861
98232
8788
-45532
-39308
41991
-19962
-66039
-62615
46617
95879
-88607
32262
15407
71739
98189
-74288
81952
-63656
-62749
-83851
24205
19101
-64741
-41881
40720
-90093
95603
-17713
61149
9537
-76420
52364
854
63558
-55405
-82082
90008
-49021
-80284
96623
-55212
-77824
93557
89304
83924
-14275
15759
50112
63843
63458
78508
70804
-10307
-45761
-62039
-8507
-83384
-33341
-78529
-33600
36391
-61359
-71409
-70176
-72165
-83169
98723
-52729
99675
89814
76688
-2807
-60369
-46286
-38453
70958
-98148
-13918
79765
-15031
96861
-64881
-98764
-69462
5818
-93012
-77064
39777
39448
-52562
-89929
22447
13213
-65921
29792
-39188
-49197
55067
85891
-54647
-77459
-89445
-78284
-93875
-23677
18195
-7701
-21162
-51042
-91762
-19378
69108
-2573
-49268
-53335
45286
27835
12308
26357
-74769
66637
-34423
7927
79211
89386
-97141
-60123
16763
-36678
9954
51979
8871
-62203
77164
66671
50988
-62045
-19968
73936
-18450
97611
31780
93116
-49531
-34531
4211
68255
8593
-47146
49654
48535
53040
-46727
2935
-32378
80131
27670
-95505
77848
-94415
38334
-36077
68002
44700
96377
2721
-77284
-42076
71662
92572
55102
-70304
-85268
-26909
88018
-50544
58965
80298
56073
-78555
46630
65469
57506
10147
-43724
40902
-54871
-34295
-4026
67771
56437
-19039
84719
62146
-613
58976
52293
11021
-67561
-65726
18348
-65920
12299
70237
73180
-638
35394
52052
23103
93625
-87867
-78647
6030
89801
-61477
-577
87081
-2653
-98518
-26991
18246
-95022
-27536
-83969
-82761
89870
92426
-287
-8330
27715
59756
-75010
1517
42820
-40020
-91629
28055
59972
14044
25053
41833
51006
-18138
72945
91376
40539
-65299
39231
5210
-9021
-84480
-13344
-70778
-36402
-1433
-44953
12067
-87618
-92122
87725
-6868
-59515
87337
-18910
85796
74398
-96730
4506
-92476
-38127
27647
-37505
-67282
56656
98600
-81158
12520
-78085
-80445
-6944
4786
1345
49539
-31226
-5068
70727
-38296
29037
15184
98857
75725
-50845
28231
66665
-23691
-40848
-4371
79760
79184
-11926
89370
55001
-4110
-52583
70448
-2362
-49090
-37903
29952
-13936
-19829
24400
9392
-72741
30837
8258
14435
13111
-58089
-71415
88377
-49962
96973
-73085
-51116
-67360
12737
-64510
-34641
-39192
48950
-68075
-81196
13143
-41115
-73120
42002
4964
-85654
88134
-29121
31019
88028
-25096
-38990
49308
-89421
4591
35268
-42099
-93730
54462
-24307
-24323
-47377
-58956
59174
6516
20879
-34518
16117
-81897
-17636
86014
96112
-2969
-11670
71833
87504
-66202
24413
-25105
-80160
53641
-31697
-27394
-14861
213
50167
69801
-51896
-83507
24847
44634
-11436
95168
27189
85762
-56632
-48784
23256
-11312
1605
38056
-31499
-93585
34637
46808
-39105
58925
-79740
56941
75136
41459
-98543
-81698
90468
18767
57143
48902
-90585
-36009
-91004
-24216
19986
-95235
95831
-98931
-58361
-45827
27377
-19116
-93316
-14189
11908
60243
-84164
33849
95514
44690
65432
23845
47065
8820
-54047
51539
-72537
-17778
-65451
-98982
-35071
-3277
-57478
19161
-25930
-12860
82706
96569
-54500
1177
-56326
12198
-52547
23895
-5514
-9619
-27633
55726
-31096
66877
64775
5278
-33146
69123
-5578
34235
96364
94324
85618
-86335
-43122
12388
-20767
-84499
-77066
-28125
41290
61000
-23743
54565
-62369
26745
-50955
-49422
-47922
13616
-54364
44140
-48262
5429
-94961
74621
-36658
77427
97997
-92651
-886
55190
-62740
-36809
-50483
94138
5028
61143
-17453
12696
-47074
53789
-82898
35853
72148
-29710
65351
33978
-10341
28182
-1226
-30664
-68619
-88193
-73980
83093
-87423
-57716
55002
94613
-86830
33727
-47718
-49758
5150
31176
2228
-70360
-32765
-39302
-91425
32301
2372
-486
76130
-16075
-45285
-32287
-20101
8511
-72915
67108
90716
68028
15127
-46826
79428
-15573
-42703
-56676
-82952
-95820
-34114
83054
64745
-89685
-8224
88806
88054
-34775
58930
34156
-74685
44468
52589
-72455
17356
14416
-7698
-80069
-52515
-48163
10076
-37103
-38836
-23453
-96089
76121
-35435
51872
80874
3006
35644
50401
-19135
-73292
-78435
-52187
98118
99172
52536
54750
49241
-22492
49365
-80086
1444
-33003
-47830
-3207
56694
-94749
1423
-90640
-26714
-39687
5299
-91418
18341
59018
2026
-56012
-71968
34367
46974
75444
41150
53171
-44453
75189
-83852
17233
83547
-32366
14756
-29000
-16273
-59965
52694
72327
77674
-64837
22529
81361
41772
10007
-41121
47842
-56451
-74663
-83401
-3469
-28803
-2671
-17968
-11324
-77812
-59638
-75945
39311
4461
-70314
-71777
19682
-15829
9268
18598
-35605
-23981
25812
-65537
19367
26740
-76131
-37972
94521
16952
-27002
-81082
41643
51966
-99607
90740
-99628
-5548
-37854
-14893
71659
-28741
8676
43021
21369
-17545
-37014
35553
47493
14830
45571
-4777
-89813
-2368
3439
66439
-72313
-19592
-43248
82925
82657
-92437
6935
-20137
-844
-73342
53486
62369
-19052
-69311
-76318
-93154
-31347
5412
-14532
34013
87885
63225
-60635
70843
-47445
37519
86088
-72506
-98673
50238
77916
-76054
-86162
8281
-10080
74033
-12059
-67193
61402
63462
-59225
13253
41975
68795
-17566
35734
6082
44537
72405
82179
11851
45607
-86527
-70933
5304
-83978
83998
-89186
96664
20877
27893
-46091
-66458
-1222
-73989
-18509
-75322
81674
11713
-23624
17627
96349
97290
-47045
48951
51241
45381
98580
99980
34147
80139
-28378
30976
474
16758
52443
68347
70829
-38037
27513
38800
-5876
-55412
-5941
-32438
-92979
12641
-92450
-46837
-67750
-57418
-36241
-97931
57682
-30279
14207
-86510
52430
49954
8095
43233
-48638
-1220
1464
-67684
-43871
42686
66334
-3619
-37396
-93816
77020
-48015
-72429
35844
-73348
-70028
79505
-50137
96002
-37601
-84194
92756
11182
36153
49963
68353
-41997
-12461
-98132
-93906
98909
-55130
57558
76595
35371
39424
78016
75128
25234
83801
88850
-29343
-24092
-61894
91319
44694
-50279
25678
58443
39252
-54532
24681
26815
13460
-70970
-66710
-79120
20891
12553
68064
-76604
-45882
-34039
-72597
68364
18789
-20988
59904
48055
-58466
68598
52458
-57100
-83171
-29975
-43498
-31135
-83480
34980
94038
-14438
43424
32990
-40407
37500
14476
-34521
48307
-57101
95137
38871
31755
16575
12547
-7617
-38199
72790
-8364
-87509
16589
16014
-65896
26893
-96581
-79785
-40734
-5268
32992
41360
-12190
-83697
-45944
-96671
59838
-89290
-92921
-27195
-335
-6532
-67569
560
74867
-99191
90421
77940
2386
-72105
-88451
29922
-80791
84826
-56166
35540
-70908
16301
53913
26098
-44429
-14758
-80338
72811
11905
87558
9134
90424
17615
54801
-56593
-58583
-97663
61768
64027
69067
-79107
78490
-12830
75632
-74418
75201
16397
36581
-52550
13227
11197
-61455
-83677
84659
-35367
-15209
-44656
40840
-83370
-25923
66706
73466
58390
-4958
51944
99713
23793
760
56912
-44322
50795
-91547
26185
68547
-57490
-98791
-83005
-60647
9083
94273
28229
-24578
-49124
-67106
-56527
61296
35766
50539
87186
17380
98897
81327
-9877
-74698
-71201
-78674
45666
15883
-43272
-78725
-43916
-51111
14166
-21864
63578
-1725
-52910
74075
70201
5702
-25946
-3087
-6037
-26190
-28053
-53239
-48696
-28105
-70374
-50345
-91417
84014
75805
36434
-47221
80480
12820
-22483
-36421
-50017
33036
37067
30212
41717
-78493
-12656
87008
-76661
-32317
-64199
-58329
7146
62635
1143
8520
-9004
-30139
1947
2147
22581
32455
3955
36853
-51260
-37568
3092
32057
-71505
9060
-5637
-46384
12626
284
12558
-84750
54274
52908
-27831
75297
39941
-7305
-85655
84873
-54000
-60094
49209
12894
-41144
63782
23427
32506
51771
-59318
69276
37183
-2151
2497
82775
80091
-11814
-44521
-84933
-87061
-23590
-89111
-10363
-72643
-32861
-45404
-74048
-20027
-68673
-22053
96854
431
-2873
-48093
-49872
-8980
-8969
-12622
76170
-4016
48857
-90691
-16356
-31959
-79439
-19723
47903
82198
69955
39027
-19907
-77994
9716
23434
-23201
-6179
25668
-89970
4701
-19660
6616
-7916
75521
-35654
-83780
-15688
-10220
14325
-197
79137
-24435
-21113
62704
17455
3678
-41401
-54306
21747
62887
34783
52302
80033
-91249
76062
-24096
76717
45463
-44737
13930
-68661
89710
-24965
78319
89131
-6978
87249
70590
42397
69542
23975
5765
-97449
73379
34283
38611
-10613
31768
-17098
-66103
-3338
22502
4707
63429
74833
44238
25935
-31937
82948
90014
-42421
-43675
45893
47486
63025
-82042
74603
-75431
-59048
-43888
-27415
-40986
30004
32906
41426
-32489
91347
-31836
-17093
1253
-81807
-1188
-22356
-51759
-53008
82606
-81173
-77503
-55163
14638
-94284
-46215
4810
-87273
-76187
4409
53177
-23406
-32037
-41177
-50543
92715
-58135
-1703
86176
-83802
-21797
88241
25481
-80693
66923
-22040
-9509
-2260
62173
-74547
-10468
58053
-66910
86503
-95307
48427
-30951
-8562
-70990
5105
85406
-58401
62493
21608
10486
33437
85716
52949
-50477
-47885
91215
79666
52752
-26863
40459
-1331
82205
-90176
70050
2173
-87616
-81525
3966
-97659
34124
-32007
97459
85429
-41964
3479
45368
-15170
-19513
-29422
-81841
54687
23812
89987
99304
99453
-31130
4840
81510
-68023
18956
-22361
-82016
53817
-22212
-78291
-940
-65701
22444
53093
-97287
-39142
-72882
-67088
-39254
42166
-16917
-65488
-55727
-10351
-10187
-63885
-59783
36975
-34491
-35347
54540
88126
2064
83860
-50811
46609
68717
-82043
-21238
-91202
-57771
21438
-25137
-92297
65931
-76901
89983
-26564
-58004
52465
-81102
-71794
1115
13568
-69936
-40361
-51204
40560
79337
-48384
-35656
-43887
-30238
-43355
79358
-53599
19840
-78206
17778
-8269
-74729
-57718
-72369
-29202
-64401
-42184
47051
35264
-18153
88153
95944
94750
-44647
-73024
62519
-1337
-74384
61363
7292
-93616
-22407
-84685
-69548
92122
57603
-4360
78316
18831
51251
-31310
-47974
-57554
-82158
76091
80568
-55256
35325
91622
-1326
-51148
-88197
-44117
2667
2514
-85998
-56757
-37703
-26989
14355
-85849
48592
-64322
36386
-69696
-69825
-26137
-80964
50378
82742
88213
-89529
53359
-65985
-54347
-87010
7913
-31967
-25188
-40637
-62709
23365
-21444
-8930
24372
55820
-83800
96088
6180
-79631
56803
-92157
27925
45122
51832
-38018
36757
35763
29857
13656
96054
51815
-56207
-38718
-36383
-67321
84704
-30870
49122
-47498
-45368
43464
-10958
-48189
-79575
-57102
-15285
-62591
-46069
36466
89499
96069
4529
-9421
-18833
1127
-99423
-71750
63143
2288
-24999
-83394
-97342
51201
74939
96208
37959
-85159
1801
72041
-28931
-29681
-15855
-14203
-9756
7109
7756
4274
-3797
26000
-57243
-52596
54216
9818
1752
-65021
-81738
69940
-6510
16255
-34361
-2895
32066
67488
-32127
-79214
-98349
31088
-74169
2625
21429
-59466
-9479
79350
22763
97057
-86744
-69930
-20232
27044
72453
-98909
15973
-11649
89209
21238
-83248
-45536
49733
-78580
-55833
24728
98252
57374
20147
-63712
-51264
77733
-53939
44499
6466
-29336
31496
45715
-38030
-91826
68790
83095
-31128
-83974
-4965
14244
-36704
60932
62818
-28336
-18180
-38116
-21760
98691
10294
-15821
25613
-27036
-1697
18533
69770
70738
57753
39976
55486
6368
23077
44467
18572
-86786
48254
-58193
-96806
-44963
59524
-49971
58437
14556
-70649
-90464
65695
-65074
-16417
25890
38522
32918
-90432
15326
-26972
8695
-89093
20056
70257
48590
99974
50573
-61310
-11692
-47313
-35353
7650
63201
20843
-46984
67699
17405
-58313
93214
-19891
56291
82646
-13551
26926
-1554
-28996
-77252
67856
-61718
67035
90247
-32902
58566
-25503
-29756
51332
80894
-89181
8014
96651
-98625
-35399
18629
89145
31310
46765
-38515
-86137
-83258
-62271
26022
45795
-69484
45386
74180
54866
-59669
-5721
-66509
48620
85339
70423
25499
-41585
85718
16231
89844
-9883
-31043
-14079
-34297
26064
43026
-48267
25020
94915
33298
91588
92505
48324
55129
45480
-7582
-72483
49275
15134
-73311
83410
-41877
3621
13228
14533
38750
50916
68596
-31764
-61151
-44281
-87020
-72856
35717
-2226
84474
-62836
57724
-46492
-8769
-49663
1572
-69172
51026
-26821
-49097
-48491
-41409
18650
74130
-63924
-1137
-81630
-37520
-27868
29139
22402
-11757
-47665
17238
-10157
31137
-29495
23296
44513
2862
-78651
-84559
95733
-90153
-71236
44880
-48818
-80765
99130
-2377
73837
-75036
17318
-1422
91723
-89234
-72679
71824
-41248
-73105
-66209
89707
-11267
-6959
26140
77191
68213
10614
22052
1053
46601
-70959
-22766
-59102
-13397
-29808
76443
-1117
63146
-36687
19591
-13905
76039
-81503
91188
90691
-83184
-27301
-82855
-99977
-78626
-35400
-22006
-70458
-67972
56323
72633
-35167
83943
-28543
59921
81085
66916
-84527
61924
99010
-65597
63249
-73410
26796
45093
18135
15966
-45270
-13912
-7740
-14693
75016
-45547
-87391
-90297
95036
8931
-60226
48430
-61024
-34936
55035
-86810
56060
-62450
23261
-96446
63736
-22301
-81755
-10672
15274
2861
-95785
37471
27652
-2819
-82342
93681
-67300
-16845
94251
-69676
36905
-22582
-37642
75568
54377
-94627
-711
6113
-72087
-66750
-74707
-9563
-8564
2606
75149
-25533
-89240
76372
-75762
59885
-98945
40074
-25806
23124
-81474
-8335
-11775
62501
46894
-40826
92938
50155
-95762
60323
44427
-79091
13815
-96505
40144
-28509
-44299
-54683
-15825
-2252
84199
-49443
18957
-14193
3255
-58231
-83289
-85615
-64106
-26612
-8856
54214
70492
9258
-7895
-84604
50682
-20127
17954
-93634
32964
-16995
-55621
61329
-93892
91713
11741
-63326
36054
-52502
97852
94972
-80099
6766
-868
-12423
-51230
40690
-86905
-92132
94789
13965
-83058
-38237
-89603
-3710
34115
98206
91573
-84752
-53210
28769
18709
20929
-14298
-33700
1124
68464
34668
-86977
-11066
63333
54063
16040
-52925
41960
-71182
-36973
-36271
-18720
49183
75036
-86294
74451
-11217
-76046
-57855
55842
52107
-69561
17218
45546
83579
-66395
85997
58413
67323
53299
76345
-27673
6932
64049
10226
53444
29481
33954
-13472
-59590
7879
-32129
99411
89088
54648
24773
72535
-3028
-35908
-92367
-56453
5036
-14654
35528
7511
-89294
34420
98677
82594
-49132
-85943
47811
41484
95816
-6648
-80661
65400
-82108
-7907
-76575
28096
28910
83938
-93447
-51544
67890
-23285
-34947
-26479
24141
-2745
-30403
-15072
-3351
91298
80661
99207
66857
-61343
-46025
-20550
-77746
-12564
-5340
-63405
69875
75095
33952
-28151
81530
-84420
-43693
-656
-28846
76320
-93986
43252
52011
69755
76300
-87374
-9197
-64927
-33501
-56146
-67007
-34439
-55942
-23868
-51626
-32614
87713
-83315
-50146
-63035
4619
8478
86508
-95571
-71986
75845
-60131
5066
75157
-89148
19193
-73938
-17975
34180
47095
-71241
-95708
47280
-35390
57663
50080
-15450
60998
-75194
-10614
99132
94539
-32687
43036
-7563
85076
-55023
-75588
96998
-29720
-82959
25715
-4487
-80933
-47379
-57162
-77566
-69467
52336
9138
-7728
-69030
51798
-21016
-53956
16042
-68239
-41180
-79377
66964
20679
-30814
-41280
-13816
-3273
-19080
73081
48074
17887
-93586
-28616
-82915
14407
94085
85125
-76351
-20660
23467
21510
-6878
55631
76237
-9881
21734
-37120
-90374
-9198
-18590
677
-83136
76679
50051
-54517
85215
-94623
48552
-49742
35735
11511
-21065
86650
11311
-50766
52886
52484
-9583
66421
16066
76564
-22874
2513
-20094
13326
-9498
36932
-24907
-44725
-87992
98907
-54644
4739
-71745
22198
13299
86627
81933
76602
-83521
43323
28291
70496
32744
58807
-8307
62738
-96453
-43669
16700
-19976
-28175
93882
-15662
-35575
1619
5697
87005
-75306
55315
7588
20811
-43160
-13469
36806
32919
-2054
71707
-6872
86001
2718
-71859
9800
84024
21280
-50529
34461
31621
-37636
5963
-79100
-54325
91180
-95180
88521
22521
811
61027
-43880
6015
97205
-87572
49059
44047
17978
-93842
-43255
-31666
-7816
77286
97617
-25992
84143
50893
-49932
-99761
12837
8249
39856
-34107
-66897
-78465
-871
-95285
-34863
96547
59845
72366
91598
89099
-63715
47063
-69293
-96814
74881
-29170
-17534
-57959
24855
8464
-36149
-72067
20447
56832
-53652
69504
82952
-80091
-49525
-84208
-10379
25822
12226
-32849
-8725
-41628
-6606
21561
92204
14678
81181
5427
-17908
-29609
93403
-15446
48671
25550
56487
-53989
64366
-61819
9855
99291
89003
52256
-86042
66058
40689
31394
-65634
33687
27684
89126
-90850
80256
-58531
-27349
56573
35267
90742
94733
2465
42515
4557
-39666
-92199
-81326
23486
-26803
-82080
-13372
-66436
-91537
27140
-12740
-10700
97328
91812
36126
285
17252
47126
-46199
-99904
88238
-61559
-75802
44542
57211
35966
96091
-98141
-39096
-44335
1776
-55554
22608
3293
-33638
32978
-98047
-52077
93336
-22595
81429
3971
-25336
-13998
1017
-22559
54150
91808
20939
92068
82066
-55841
5951
-46671
-45266
8829
-50830
87060
-62969
-89238
-81539
46725
33690
-7154
14664
27598
-22428
-93354
-60424
-92879
81345
-29186
6521
12574
-29293
32780
81492
-43207
-52209
-55728
16238
-84500
-37409
-94963
-21746
83578
-32304
88232
-64749
3556
24678
64772
51995
50196
-59870
-8023
-95342
88966
-23484
-4517
-58535
-19168
7457
-8062
5276
13156
-11317
-92949
90557
-98564
48043
-41773
99384
5486
92829
90033
-10106
23919
87225
-10669
-31714
54358
-13339
-74460
89761
43305
78282
-22592
-42725
-37864
18958
-66606
-80837
35591
32501
4492
36430
-92497
-57852
30464
72598
18826
5684
4090
-58783
61693
-12349
52250
39097
35079
-91400
49511
-57476
-8434
-15333
-66648
-45888
7166
-55756
4519
-54380
-63555
10508
8870
35916
-73813
23797
-9335
74801
72595
-95248
4445
-38126
67155
35733
17397
88472
79659
34881
53863
-88990
11305
77207
26179
29072
42679
26561
-81565
16086
72915
38399
-15190
32370
-46775
-729
70561
-83973
-65205
99607
-45333
-59911
-47697
-85626
30764
-76234
-81374
69668
69853
94882
8107
-47933
99462
-850
-52702
42071
75449
81280
22592
-99693
-94213
-29384
13579
68306
-57970
85005
-59262
-77616
16169
-39743
-84206
75359
1194
-74227
23330
-3369
42308
32642
-20164
-62513
-28432
-48587
38103
34218
-71682
44811
-33580
-18206
-1635
99360
37893
-74520
23934
-91641
76427
-67689
-85526
-54534
91985
-78578
-515
41480
-96129
9811
91942
-9261
-48719
-24486
-85477
-32201
14423
-99770
-23674
16894
96439
-28402
2565
26574
-17017
72702
-36720
86959
-60319
22530
85889
98847
84083
27969
-39706
-19572
48746
60483
-62394
25183
-27824
-22982
-51430
-73191
-91839
-40643
-31885
-4760
80886
-82074
-44798
-12335
85420
77371
-88079
-28620
-1557
70584
43082
10035
-2081
79844
50337
-12573
-80594
82287
34314
